//BANK
//[x y z n1 n2 n3 angle] [x y z] [x y z] [x y z] [...]
//LINE
// [start point], [end point], [vectors]
//point-point-normal-angle
 

//============================================
// hiigaran mine
//============================================
Model: hiigaran_mine_lod1
 File: ../../../Models/hiigaran/hiigaran_mine/hiigaran_mine_lod1.obj
 Scale: 0.38
 Rotate: 0,270,0
 Material: hiigaran_large

Model: hiigaran_mine
 File: ../../../Models/hiigaran/hiigaran_mine/hiigaran_mine.obj
 Scale: 0.38
 Rotate: 0,270,0
 Material: hiigaran_large


//============================================
// hiigaran tiny
//============================================

Model: hiigaran_tiny_lod1
 File: ../../../Models/hiigaran/hiigaran_tiny/hiigaran_tiny_lod1.obj
 Scale: 0.0025
 Rotate: 0,270,0
 Translate: 0,0,0.32
 Material: hiigaran_tiny_low

Model: hiigaran_tiny
 File: ../../../Models/hiigaran/hiigaran_tiny/hiigaran_tiny.obj
 Scale: 0.0025
 Rotate: 0,270,0
 Translate: 0,0,0.32
 Material: hiigaran_tiny
 LOD: hiigaran_tiny_lod1, 0.022

 //==== Firing Points
 Firing Point: bank,-0.0036,0.0919,0.2788, 0.0000,1.0000,-0.0049,160,0.2553,0.0439,0.0102,0.0166,0.0637,0.6241,-0.2138,0.0439,0.2341,0.0099,-0.0060,-0.0335
 Firing Point: bank,0.0014,-0.0985,0.1655, 0.0000,-1.0000,0.0000,160,0.2355,-0.0932,0.1585,-0.0104,-0.0792,-0.0692,-0.2187,-0.0937,0.1883,-0.0024,0.0269,0.5048
 Firing Point: bank,0.2605,-0.0533,0.2293, 0.9862,-0.1655,0.0004,160,0.1399,0.0150,0.6586,0.2789,0.0330,-0.0398,0.0848,0.0703,0.2666,0.2607,-0.0519,0.2166
 Firing Point: bank,-0.2946,0.0064,0.1918, -1.0000,-0.0000,-0.0000,160,-0.2932,0.0139,-0.0533,-0.1604,0.0042,0.6617,-0.2589,-0.0711,0.2918,-0.1036,0.0603,0.3394
 Firing Point: bank,0.0174,-0.0457,-0.1501, 0.0000,-0.0664,-0.9978,120,0.2432,0.0257,-0.1695,-0.2377,0.0229,-0.1631,-0.0143,0.0548,0.1257,-0.0134,-0.0399,-0.1804
 Firing Point: bank,-0.0014,0.0516,0.7349, 0.0000,-0.5508,0.8346,120,-0.0274,-0.0255,0.3746,0.2054,0.0121,0.4937,-0.2066,0.0183,0.4937,-0.2250,-0.0735,0.3577
 
 //==== Impact Points
 Impact Point: bank,-0.0036,0.0919,0.2788, 0.0000,1.0000,-0.0049,160,0.2553,0.0439,0.0102,0.0166,0.0637,0.6241,-0.2138,0.0439,0.2341,0.0099,-0.0060,-0.0335
 Impact Point: bank,0.0014,-0.0985,0.1655, 0.0000,-1.0000,0.0000,160,0.2355,-0.0932,0.1585,-0.0104,-0.0792,-0.0692,-0.2187,-0.0937,0.1883,-0.0024,0.0269,0.5048
 Impact Point: bank,0.2605,-0.0533,0.2293, 0.9862,-0.1655,0.0004,160,0.1399,0.0150,0.6586,0.2789,0.0330,-0.0398,0.0848,0.0703,0.2666,0.2607,-0.0519,0.2166
 Impact Point: bank,-0.2946,0.0064,0.1918, -1.0000,-0.0000,-0.0000,160,-0.2932,0.0139,-0.0533,-0.1604,0.0042,0.6617,-0.2589,-0.0711,0.2918,-0.1036,0.0603,0.3394
 Impact Point: bank,0.0174,-0.0457,-0.1501, 0.0000,-0.0664,-0.9978,120,0.2432,0.0257,-0.1695,-0.2377,0.0229,-0.1631,-0.0143,0.0548,0.1257,-0.0134,-0.0399,-0.1804
 Impact Point: bank,-0.0014,0.0516,0.7349, 0.0000,-0.5508,0.8346,120,-0.0274,-0.0255,0.3746,0.2054,0.0121,0.4937,-0.2066,0.0183,0.4937,-0.2250,-0.0735,0.3577
 
 ParticleSystem:
  Engine:
   Material: plasmathruster, plasmathruster_back
   Start: 	0.0553,-0.0216,0.2157
   End:		0.0553,-0.0216,0.8737
   Width: 0.18
   Color: 088
  Engine:
   Material: plasmathruster, plasmathruster_back
   Start:	0.0139,-0.0602,0.1835
   End:		0.0139,-0.0602,0.8435
   Width: 0.12
   Color: 088
  Engine:
   Material: plasmathruster, plasmathruster_back
   Start:	-0.0542,-0.0217,0.2157
   End:		-0.0542,-0.0217,0.8737
   Width: 0.18
   Color: 088
  Engine:
   Material: plasmathruster, plasmathruster_back
   Start:	-0.0143,-0.0602,0.1835
   End:		-0.0143,-0.0602,0.8435
   Width: 0.12
   Color: 088
 EndParticleSystem


//============================================
// hiigaran small
//============================================

Model: hiigaran_small_lod1
 File: ../../../Models/hiigaran/hiigaran_small/hiigaran_small_lod1.obj
 Scale: 0.0016
 Rotate: 0,270,0
 Material: hiigaran_small_low

Model: hiigaran_small
 File: ../../../Models/hiigaran/hiigaran_small/hiigaran_small.obj
 Scale: 0.0016
 Rotate: 0,270,0
 Material: hiigaran_small
 LOD: hiigaran_small_lod1, 0.022
 
 //==== Firing Points
 Firing Point: bank,-0.0005,0.1959,0.1451, -0.0012,0.9718,-0.2360,160,0.1560,0.1183,0.5294,-0.1748,0.0744,0.1424,0.1402,0.0826,-0.0446,0.0059,0.1985,0.1623,0.1185,0.0781,-0.2693,-0.1021,0.0795,-0.2581
 Firing Point: bank,-0.0025,-0.1578,0.1507, 0.0012,-0.9718,-0.2360,160,0.1711,-0.0485,0.5773,-0.1254,-0.0527,0.5121,0.1202,-0.0101,-0.3756,-0.1030,-0.0124,0.0504,-0.0865,-0.0101,-0.4601,-0.0013,-0.1585,0.1580
 Firing Point: bank,0.0082,0.0409,0.6932, 0.0000,0.0000,1.0000,120,-0.1350,0.0619,0.7154,0.1521,0.0379,0.7154,0.0027,-0.0405,0.6932,0.0143,0.1718,0.4034
 Firing Point: bank,0.0046,0.0031,-0.5749, 0.0000,0.4641,-0.8858,120,0.1038,0.0153,-0.6085,-0.0884,0.0172,-0.6068,-0.0143,-0.0509,-0.0034,-0.0732,0.1411,0.0368,0.0628,0.1447,0.0403
 Firing Point: bank,0.2495,0.0202,0.1401, 0.9383,0.3457,-0.0013,160,0.2334,0.0436,0.4988,0.1508,0.0364,-0.4854,0.0398,-0.1179,0.1763,0.1028,0.1433,0.1097,0.1925,0.0308,-0.1896
 Firing Point: bank,-0.1766,0.0289,0.3341, -0.8052,0.5909,0.0502,160,-0.1485,0.0384,-0.4138,-0.1052,0.1499,0.2338,-0.2303,0.0254,0.6115,-0.0300,-0.1098,0.2956
 
 //==== Impact Points
 Impact Point: bank,-0.0005,0.1959,0.1451, -0.0012,0.9718,-0.2360,160,0.1560,0.1183,0.5294,-0.1748,0.0744,0.1424,0.1402,0.0826,-0.0446,0.0059,0.1985,0.1623,0.1185,0.0781,-0.2693,-0.1021,0.0795,-0.2581
 Impact Point: bank,-0.0025,-0.1578,0.1507, 0.0012,-0.9718,-0.2360,160,0.1711,-0.0485,0.5773,-0.1254,-0.0527,0.5121,0.1202,-0.0101,-0.3756,-0.1030,-0.0124,0.0504,-0.0865,-0.0101,-0.4601,-0.0013,-0.1585,0.1580
 Impact Point: bank,0.0082,0.0409,0.6932, 0.0000,0.0000,1.0000,120,-0.1350,0.0619,0.7154,0.1521,0.0379,0.7154,0.0027,-0.0405,0.6932,0.0143,0.1718,0.4034
 Impact Point: bank,0.0046,0.0031,-0.5749, 0.0000,0.4641,-0.8858,120,0.1038,0.0153,-0.6085,-0.0884,0.0172,-0.6068,-0.0143,-0.0509,-0.0034,-0.0732,0.1411,0.0368,0.0628,0.1447,0.0403
 Impact Point: bank,0.2495,0.0202,0.1401, 0.9383,0.3457,-0.0013,160,0.2334,0.0436,0.4988,0.1508,0.0364,-0.4854,0.0398,-0.1179,0.1763,0.1028,0.1433,0.1097,0.1925,0.0308,-0.1896
 Impact Point: bank,-0.1766,0.0289,0.3341, -0.8052,0.5909,0.0502,160,-0.1485,0.0384,-0.4138,-0.1052,0.1499,0.2338,-0.2303,0.0254,0.6115,-0.0300,-0.1098,0.2956
 
 
 ParticleSystem:
  Engine:
   Material: plasmathruster, plasmathruster_back
   Start: 	0.1460,0.0536,0.4154
   End: 	0.1460,0.0536,1.2154
   Width: 0.20
   Color: 088
  Engine:
   Material: plasmathruster, plasmathruster_back
   Start: 	-0.1347,0.0532,0.4154
   End: 	-0.1347,0.0532,1.2154
   Width: 0.20
   Color: 088
  Engine:
   Material: plasmathruster, plasmathruster_back
   Start: 	0.1861,-0.0009,0.4154
   End: 	0.1861,-0.0009,1.2154
   Width: 0.12
   Color: 088
  Engine:
   Material: plasmathruster, plasmathruster_back
   Start: 	-0.1710,0.0036,0.4154
   End:		-0.1710,0.0036,1.2154
   Width: 0.12
   Color: 088
  Engine:
   Material: plasmathruster, plasmathruster_back
   Start: 	0.1356,-0.0053,0.4154
   End: 	0.1356,-0.0053,1.2154
   Width: 0.12
   Color: 088
  Engine:
   Material: plasmathruster, plasmathruster_back
   Start: 	-0.1202,-0.0067,0.4154
   End: 	-0.1202,-0.0067,1.2154
   Width: 0.12
   Color: 088
 EndParticleSystem

//============================================
// hiigaran medium
//============================================

Model: hiigaran_medium_lod1
 File: ../../../Models/hiigaran/hiigaran_medium/hiigaran_medium_lod1.obj
 Scale: 0.02
 Rotate: 0,270,0
 Translate: 0,-0.1,0
 Material: hiigaran_medium_low

Model: hiigaran_medium
 File: ../../../Models/hiigaran/hiigaran_medium/hiigaran_medium.obj
 Scale: 0.02
 Rotate: 0,270,0
 Translate: 0,-0.1,0
 Material: hiigaran_medium
 LOD: hiigaran_medium_lod1, 0.023

//==== Impact Points
 Impact Point: bank, 0.0002,-0.0226,-0.8039, 0.0000,0.0000,-1.0000, 90, -0.0335,0.0086,-0.8039, 0.0317,0.0100,-0.8039, -0.0012,-0.0688,-0.8039, -0.0250,-0.0417,-0.8039, 0.0221,-0.0401,-0.8039, -0.0012,0.0051,-0.8039, 0.0009,-0.0225,-0.8039
 Impact Point: tri, -0.0389,-0.0916,0.3055, -0.0389,-0.0916,-0.2445, -0.0389,-0.1593,0.3076 ,90
 Impact Point: tri, -0.0970,0.0356,0.6722, -0.0970,0.0353,0.3429, -0.0970,-0.1889,0.3410, 90
 Impact Point: line, -0.0652,-0.0062,-0.8021, -0.0645,-0.0021,0.2174, -0.9848,0.1737,0.0000, 45
 Impact Point: line, -0.0556,-0.0623,-0.8019, -0.0529,-0.0670,0.2155, -0.8660,-0.5000,0.0000, 65
 Impact Point: line, -0.0340,0.0931,0.3290, -0.0340,0.0417,0.7684, -1.0000,0.0000,-0.0000, 45
 Impact Point: bank, -0.0005,-0.0256,0.8815, 0.0000,-0.0000,1.0000, 80, 0.0312,0.0068,0.8815, -0.0344,0.0089,0.8815, -0.0005,-0.0779,0.8815, 0.0321,-0.0516,0.8815, -0.0282,-0.0506,0.8815, 0.0001,-0.0022,0.8815, 0.0001,-0.0230,0.8815
 Impact Point: tri, 0.0389,-0.0835,-0.2538, 0.0389,-0.0862,0.3051, 0.0389,-0.1643,-0.2506, 45
 Impact Point: tri, 0.0970,0.0361,0.3392, 0.0970,0.0360,0.6695, 0.0970,-0.1873,0.3393, 90
 Impact Point: line, 0.0646,-0.0025,-0.8085, 0.0649,-0.0044,0.2169, 0.9848,0.1737,-0.0000, 45
 Impact Point: line, 0.0540,-0.0650,-0.8068, 0.0537,-0.0656,0.2182, 0.8660,-0.5000,-0.0000, 65
 Impact Point: line, 0.0340,0.0996,0.3232, 0.0340,0.0460,0.7688, 1.0000,-0.0000,-0.0000, 45
 Impact Point: tri, -0.0776,0.0601,-0.1318, -0.0030,0.0601,0.0685, 0.0013,0.0458,-0.8769, 80
 Impact Point: tri, 0.0013,0.0479,-0.8731, -0.0007,0.0601,0.0708, 0.0683,0.0601,-0.1463, 80
 Impact Point: line, -0.0798,0.0601,-0.1250, -0.0852,0.0601,0.3844, -0.0000,1.0000,-0.0000, 90
 Impact Point: line, 0.0639,0.0601,-0.1326, 0.0766,0.0601,0.3686, -0.0000,1.0000,-0.0000, 90
 Impact Point: line, 0.0022,-0.1845,-0.2455, 0.0033,-0.1845,0.3073, 0.0000,-1.0000,0.0000, 45

//==== Firing Points
 Firing Point: point, -0.0025,-0.0236,-0.8039, 0.0000,0.0000,-1.0000, 80
 Firing Point: point, -0.0371,0.0678,0.5895, -1.0000,-0.0000,0.0000, 180
 Firing Point: point, 0.0018,-0.1216,0.8217, 0.0000,-0.7458,0.6662, 45
 Firing Point: point, 0.0371,0.0653,0.5834, 1.0000,0.0000,0.0000, 180
 Firing Point: point, -0.0038,-0.1845,0.0726, 0.0000,-1.0000,0.0000, 90
 Firing Point: point, -0.0006,0.0601,-0.0467, -0.0000,1.0000,-0.0000, 180

 ParticleSystem:
  Engine:
   Material: plasmathruster, plasmathruster_back
   Start: 	0.0540,-0.0417,0.4670
   End: 	0.0540,-0.0417,1.2170
   Width: 0.12
   Color: 088
  Engine:
   Material: plasmathruster, plasmathruster_back
   Start: 	-0.0550,-0.0413,0.4670
   End: 	-0.0550,-0.0413,1.2170
   Width: 0.12
   Color: 088
  Engine:
   Material: plasmathruster, plasmathruster_back
   Start: 	0.0006,-0.0606,0.4588
   End: 	0.0006,-0.0606,1.2088
   Width: 0.10
   Color: 088
  Engine:
   Material: plasmathruster, plasmathruster_back
   Start: 	0.0196,-0.0190,0.4784
   End: 	0.0196,-0.0190,1.2284
   Width: 0.08
   Color: 088
  Engine:
   Material: plasmathruster, plasmathruster_back
   Start: 	-0.0203,-0.0182,0.4784
   End: 	-0.0203,-0.0182,1.2284
   Width: 0.08
   Color: 088   
 EndParticleSystem

//============================================
// hiigaran large
//============================================

Model: hiigaran_large_lod1
 File: ../../../Models/hiigaran/hiigaran_large/hiigaran_large_LOD1.obj
 Scale: 0.039
 Rotate: 0,270,0
 Translate: 0, -0.13, 0
 Material: hiigaran_large_low

Model: hiigaran_large
 File: ../../../Models/hiigaran/hiigaran_large/hiigaran_large.obj
 Scale: 0.039
 Rotate: 0,270,0
 Translate: 0,-0.13,0
 Material: hiigaran_large
 LOD: hiigaran_large_lod1, 0.022
 
 //==== Firing Points
 Firing Point: bank,0.0614,-0.0570,-0.0737, 1.0000,-0.0000,-0.0000,160,0.1505,0.0186,0.6368,0.0614,-0.1435,0.3988,0.1576,0.0219,0.1169,0.0827,-0.1404,-0.2467,0.0614,0.0065,-0.2456,0.0614,-0.1369,-0.4907,0.0603,-0.0247,-0.68710.1031,0.1648,0.0787
 Firing Point: bank,-0.0614,-0.0744,-0.1874, -1.0000,-0.0000,0.0000,160,-0.0614,-0.0212,-0.5999,-0.0681,-0.1704,0.3575-0.1369,0.0308,0.5132,-0.1220,-0.0649,0.6547,-0.0614,-0.1485,0.3379,-0.1521,0.0278,0.0557,-0.0319,-0.1401,-0.7921,-0.0795,-0.1833,-0.0196
 Firing Point: bank,0.0047,0.0784,-0.1320, 0.0000,1.0000,0.0000,160,0.0028,0.0841,-0.6913,-0.0032,0.0784,-0.1492,0.1280,0.0735,0.1115,-0.1189,0.0779,0.1788,0.1186,0.0447,0.6086,-0.1351,0.0317,0.5692,-0.0110,0.0789,0.3434,0.0067,0.0308,0.8480,-0.0460,0.1949,0.1751
 Firing Point: bank,0.0028,-0.2128,0.0788, 0.0000,-1.0000,0.0000,160,-0.0214,-0.1968,-0.5697,0.0416,-0.2060,-0.3992,-0.0638,-0.2128,-0.0565,0.0292,-0.2088,0.3399,-0.1179,-0.0682,0.6408,0.0128,-0.2053,0.4272,0.1200,-0.0665,0.5866
 Firing Point: bank,-0.0029,-0.0099,-0.8732, 0.0000,0.0000,-1.0000,120,-0.0036,0.1760,0.0086,-0.0055,0.0610,-0.8966,0.0010,-0.1241,-0.8732,0.0356,-0.1429,-0.7783,-0.0407,-0.0916,-0.7594
 Firing Point: bank,0.0003,-0.0100,0.8579, 0.0000,0.0000,1.0000,160,0.0031,0.0583,0.7787,0.1020,-0.0275,0.8352,-0.0991,-0.0341,0.8347,0.0275,-0.0529,0.8579,0.0633,0.1620,0.1785,-0.0711,0.1601,0.1722
 
 //==== Impact Points
 Impact Point: bank,0.0614,-0.0570,-0.0737, 1.0000,-0.0000,-0.0000,160,0.1505,0.0186,0.6368,0.0614,-0.1435,0.3988,0.1576,0.0219,0.1169,0.0827,-0.1404,-0.2467,0.0614,0.0065,-0.2456,0.0614,-0.1369,-0.4907,0.0603,-0.0247,-0.68710.1031,0.1648,0.0787
 Impact Point: bank,-0.0614,-0.0744,-0.1874, -1.0000,-0.0000,0.0000,160,-0.0614,-0.0212,-0.5999,-0.0681,-0.1704,0.3575-0.1369,0.0308,0.5132,-0.1220,-0.0649,0.6547,-0.0614,-0.1485,0.3379,-0.1521,0.0278,0.0557,-0.0319,-0.1401,-0.7921,-0.0795,-0.1833,-0.0196
 Impact Point: bank,0.0047,0.0784,-0.1320, 0.0000,1.0000,0.0000,160,0.0028,0.0841,-0.6913,-0.0032,0.0784,-0.1492,0.1280,0.0735,0.1115,-0.1189,0.0779,0.1788,0.1186,0.0447,0.6086,-0.1351,0.0317,0.5692,-0.0110,0.0789,0.3434,0.0067,0.0308,0.8480,-0.0460,0.1949,0.1751
 Impact Point: bank,0.0028,-0.2128,0.0788, 0.0000,-1.0000,0.0000,160,-0.0214,-0.1968,-0.5697,0.0416,-0.2060,-0.3992,-0.0638,-0.2128,-0.0565,0.0292,-0.2088,0.3399,-0.1179,-0.0682,0.6408,0.0128,-0.2053,0.4272,0.1200,-0.0665,0.5866
 Impact Point: bank,-0.0029,-0.0099,-0.8732, 0.0000,0.0000,-1.0000,120,-0.0036,0.1760,0.0086,-0.0055,0.0610,-0.8966,0.0010,-0.1241,-0.8732,0.0356,-0.1429,-0.7783,-0.0407,-0.0916,-0.7594
 Impact Point:  bank,0.0003,-0.0100,0.8579, 0.0000,0.0000,1.0000,160,0.0031,0.0583,0.7787,0.1020,-0.0275,0.8352,-0.0991,-0.0341,0.8347,0.0275,-0.0529,0.8579,0.0633,0.1620,0.1785,-0.0711,0.1601,0.1722
 
 ParticleSystem:
  Engine:
   Material: plasmathruster, plasmathruster_back
   Start:	0.0600,-0.0130,0.6224
   End:		0.0600,-0.0130,1.3724
   Width: 0.12
   Color: 088
  Engine:
   Material: plasmathruster, plasmathruster_back
   Start:	-0.0597,-0.0144,0.6224
   End:		-0.0597,-0.0144,1.3724
   Width: 0.12
   Color: 088
  Engine:
   Material: plasmathruster, plasmathruster_back
   Start:	-0.0004,-0.0095,0.6079
   End:		-0.0004,-0.0095,1.3579
   Width: 0.12
   Color: 088
  Engine:
   Material: plasmathruster, plasmathruster_back
   Start:	0.0280,-0.0568,0.6079
   End:		0.0280,-0.0568,1.3579
   Width: 0.12
   Color: 088
  Engine:
   Material: plasmathruster, plasmathruster_back
   Start:	-0.0288,-0.0561,0.6079
   End:		-0.0288,-0.0561,1.3579
   Width: 0.12
   Color: 088  
 EndParticleSystem
 
//============================================
// hiigaran very large
//============================================

Model: hiigaran_verylarge_lod1
 File: ../../../Models/hiigaran/hiigaran_verylarge/hiigaran_verylarge_LOD1.obj
 Scale: 0.031
 Rotate: 0,270,0
 Translate: 0,0,0.2
 Material: hiigaran_verylarge


Model: hiigaran_verylarge
 File: ../../../Models/hiigaran/hiigaran_verylarge/hiigaran_verylarge.obj
 Scale: 0.031
 Rotate: 0,270,0
 Translate: 0,0,0.2
 Material: hiigaran_verylarge
 LOD: hiigaran_verylarge_lod1, 0.022

 //==== Firing Points
 Firing Point: bank,0.0078,0.1014,0.0249, 0.0000,0.9911,-0.1331,160,-0.1208,0.0801,-0.2170,0.0049,0.0659,-0.6228,0.0962,0.0864,-0.2657,0.0971,0.1066,0.0841,-0.1554,0.1074,0.2654,0.1158,0.1083,0.4677,-0.0202,0.0965,0.6492
 Firing Point: bank,-0.0021,-0.0252,0.0819, 0.0000,-1.0000,-0.0083,160,-0.1429,-0.0057,0.7059,0.1381,-0.0087,0.6959,-0.1292,0.0041,0.0967,0.1370,0.0113,0.1100,0.0016,-0.0230,-0.1921,-0.1023,0.0014,-0.2714,0.0989,0.0032,-0.3879,-0.0036,-0.0137,-0.5473
 Firing Point: bank,0.0020,0.0420,0.8966, -0.0000,0.0000,1.0000,120,-0.1780,0.0462,0.8203,0.1785,0.0534,0.8106,-0.0648,0.0129,0.8857,0.0479,0.0390,0.8966,0.0061,0.1424,0.3669
 Firing Point: bank,-0.0017,0.0228,-0.7750, 0.0000,0.0000,-1.0000,120,0.1129,0.0204,-0.8625,0.0042,0.0486,-0.7324,-0.0719,0.0228,-0.8345,-0.0043,0.0202,-0.7750
 Firing Point: bank,0.2061,0.0643,0.0178, 1.0000,0.0000,-0.0000,160,0.1849,0.0202,0.6942,0.1375,0.0776,0.6465,0.1166,0.0561,-0.5567,0.1419,0.0166,-0.3940,0.1607,0.0334,-0.0192,0.0608,-0.0192,0.3382
 Firing Point: bank,-0.2407,0.0659,0.1354, -0.9446,0.0001,-0.3282,160,-0.1424,0.0167,-0.3875,-0.1706,0.0113,0.7204,-0.1588,0.0739,0.6938,-0.0244,0.1542,0.3166,-0.1961,0.0934,0.3623,-0.0606,-0.0197,0.3963
 
 //==== Impact Points
 Impact Point: bank,0.0078,0.1014,0.0249, 0.0000,0.9911,-0.1331,160,-0.1208,0.0801,-0.2170,0.0049,0.0659,-0.6228,0.0962,0.0864,-0.2657,0.0971,0.1066,0.0841,-0.1554,0.1074,0.2654,0.1158,0.1083,0.4677,-0.0202,0.0965,0.6492
 Impact Point: bank,-0.0021,-0.0252,0.0819, 0.0000,-1.0000,-0.0083,160,-0.1429,-0.0057,0.7059,0.1381,-0.0087,0.6959,-0.1292,0.0041,0.0967,0.1370,0.0113,0.1100,0.0016,-0.0230,-0.1921,-0.1023,0.0014,-0.2714,0.0989,0.0032,-0.3879,-0.0036,-0.0137,-0.5473
 Impact Point: bank,0.0020,0.0420,0.8966, -0.0000,0.0000,1.0000,120,-0.1780,0.0462,0.8203,0.1785,0.0534,0.8106,-0.0648,0.0129,0.8857,0.0479,0.0390,0.8966,0.0061,0.1424,0.3669
 Impact Point: bank,-0.0017,0.0228,-0.7750, 0.0000,0.0000,-1.0000,120,0.1129,0.0204,-0.8625,0.0042,0.0486,-0.7324,-0.0719,0.0228,-0.8345,-0.0043,0.0202,-0.7750
 Impact Point: bank,0.2061,0.0643,0.0178, 1.0000,0.0000,-0.0000,160,0.1849,0.0202,0.6942,0.1375,0.0776,0.6465,0.1166,0.0561,-0.5567,0.1419,0.0166,-0.3940,0.1607,0.0334,-0.0192,0.0608,-0.0192,0.3382
 Impact Point: bank,-0.2407,0.0659,0.1354, -0.9446,0.0001,-0.3282,160,-0.1424,0.0167,-0.3875,-0.1706,0.0113,0.7204,-0.1588,0.0739,0.6938,-0.0244,0.1542,0.3166,-0.1961,0.0934,0.3623,-0.0606,-0.0197,0.3963
 
 ParticleSystem:
  Engine:
   Material: plasmathruster, plasmathruster_back
   Start: 	0.0684,0.0101,0.6357
   End: 	0.0684,0.0101,1.3857
   Width: 0.12
   Color: 088  
  Engine:
   Material: plasmathruster, plasmathruster_back
   Start: 	0.0469,0.0427,0.6466
   End: 	0.0469,0.0427,1.3966
   Width: 0.12
   Color: 088  
  Engine:
   Material: plasmathruster, plasmathruster_back
   Start: 	0.0230,0.0148,0.6357
   End: 	0.0230,0.0148,1.3857
   Width: 0.12
   Color: 088  
  Engine:
   Material: plasmathruster, plasmathruster_back
   Start: 	0.0005,0.0414,0.6466
   End:		0.0005,0.0414,1.3966
   Width: 0.12
   Color: 088  
  Engine:
   Material: plasmathruster, plasmathruster_back
   Start: 	-0.0224,0.0115,0.6357
   End: 	-0.0224,0.0115,1.3857
   Width: 0.12
   Color: 088  
  Engine:
   Material: plasmathruster, plasmathruster_back
   Start: 	-0.0479,0.0415,0.6466
   End: 	-0.0479,0.0415,1.3966
   Width: 0.12
   Color: 088  
  Engine:
   Material: plasmathruster, plasmathruster_back
   Start: 	-0.0699,0.0095,0.6357
   End: 	-0.0699,0.0095,1.3857
   Width: 0.12
   Color: 088   
 EndParticleSystem
 
//============================================
// hiigaran carrier
//============================================

Model: hiigaran_carrier_lod2
 File: ../../../Models/hiigaran/hiigaran_carrier/hiigaran_carrier_lod2.obj
 Scale: 0.13
 Rotate: 0,275,0
 Material: hiigaran_carrier_low

Model: hiigaran_carrier_lod1
 File: ../../../Models/hiigaran/hiigaran_carrier/hiigaran_carrier_lod1.obj
 Scale: 0.13
 Rotate: 0,275,0
 Material: hiigaran_carrier_low
 LOD: hiigaran_carrier_lod2, 0.04

Model: hiigaran_carrier
 File: ../../../Models/hiigaran/hiigaran_carrier/hiigaran_carrier.obj
 Scale: 0.13
 Rotate: 0,275,0
 Material: hiigaran_carrier
 LOD: hiigaran_carrier_lod1, 0.004

 //Firing Points
 Firing Point: bank,-0.0012,0.0702,0.0499, 0.0000,1.0000,0.0000, 160, -0.0663,0.0702,0.3751, 0.0510,0.0780,0.8166, -0.1903,0.0702,-0.5803, 0.0339,0.0813,-0.6838, 0.1742,0.0908,0.1295, 0.1143,0.0997,-0.1631, -0.0560,0.0812,-0.9675
 Firing Point: bank,0.0074,-0.0720,-0.0488, 0.0000,-1.0000,0.0000, 160, 0.1232,-0.0345,0.4239, 0.0839,-0.0600,0.7812, -0.1769,-0.0345,-0.7319, 0.0551,-0.0588,-0.5183, 0.0012,-0.0720,-0.1434, -0.1966,0.0090,0.5298, 0.1662,0.0611,-0.1738
 Firing Point: bank,0.0831,0.0137,0.9311, 0.0872,0.0000,0.9962,120,-0.1947,0.0437,0.5678, 0.0216,0.0287,0.9365, 0.1076,-0.0305,0.9028, 0.1805,0.0529,0.9440
 Firing Point: bank,-0.0602,0.0210,-0.8169, -0.0588,-0.7383,-0.6719,120,-0.1754,0.0085,-0.5895, -0.0805,0.0482,-1.0827, 0.0350,0.0010,-0.8034
 Firing Point: bank,0.1930,0.0153,0.1600, 0.8168,-0.5321,0.2229,160,0.1258,0.0028,-0.5497, 0.1799,0.0153,0.7955,0.1824,0.0004,0.1629,0.0198,0.0138,-0.2102,0.2139,0.0565,0.5117,0.1557,-0.0449,0.5551,0.0325,0.0109,0.4210,0.1843,0.0753,-0.2335,0.1913,0.0555,0.7191
 Firing Point: bank,-0.2077,0.0025,-0.1164, -0.7765,-0.6264,0.0679,160,-0.2665,0.0171,-0.6532,-0.0810,0.0207,0.6803,-0.0279,0.0025,0.8306,-0.1140,-0.0551,-0.1549,-0.2561,0.0296,-0.8789,-0.1436,0.0532,0.3493, -0.2352,0.0552,-0.0035,-0.0864,0.0624,-0.8782
 
 //Impact Points
 Impact Point: bank,-0.0012,0.0702,0.0499, 0.0000,1.0000,0.0000, 160, -0.0663,0.0702,0.3751, 0.0510,0.0780,0.8166, -0.1903,0.0702,-0.5803, 0.0339,0.0813,-0.6838, 0.1742,0.0908,0.1295, 0.1143,0.0997,-0.1631, -0.0560,0.0812,-0.9675
 Impact Point: bank,0.0074,-0.0720,-0.0488, 0.0000,-1.0000,0.0000, 160, 0.1232,-0.0345,0.4239, 0.0839,-0.0600,0.7812, -0.1769,-0.0345,-0.7319, 0.0551,-0.0588,-0.5183, 0.0012,-0.0720,-0.1434, -0.1966,0.0090,0.5298, 0.1662,0.0611,-0.1738
 Impact Point: bank,0.0831,0.0137,0.9311, 0.0872,0.0000,0.9962,120,-0.1947,0.0437,0.5678, 0.0216,0.0287,0.9365, 0.1076,-0.0305,0.9028, 0.1805,0.0529,0.9440
 Impact Point: bank,-0.0602,0.0210,-0.8169, -0.0588,-0.7383,-0.6719,120,-0.1754,0.0085,-0.5895, -0.0805,0.0482,-1.0827, 0.0350,0.0010,-0.8034
 Impact Point: bank,0.1930,0.0153,0.1600, 0.8168,-0.5321,0.2229,160,0.1258,0.0028,-0.5497, 0.1799,0.0153,0.7955,0.1824,0.0004,0.1629,0.0198,0.0138,-0.2102,0.2139,0.0565,0.5117,0.1557,-0.0449,0.5551,0.0325,0.0109,0.4210
 Impact Point: bank,-0.2077,0.0025,-0.1164, -0.7765,-0.6264,0.0679,160,-0.2665,0.0171,-0.6532,-0.0810,0.0207,0.6803,-0.0279,0.0025,0.8306,-0.1140,-0.0551,-0.1549,-0.2561,0.0296,-0.8789,-0.1436,0.0532,0.3493
 
 ParticleSystem:
  Engine:
   Material: plasmathruster, plasmathruster_back
   Start: 	0.1458,0.0202,0.7056
   End: 	0.1458,0.0202,1.5256
   Width: 0.16
   Color: 088
  Engine:
   Material: plasmathruster, plasmathruster_back
   Start: 	0.0815,0.0195,0.7012
   End: 	0.0815,0.0195,1.5312
   Width: 0.16
   Color: 088
  Engine:
   Material: plasmathruster, plasmathruster_back
   Start: 	0.0230,0.0200,0.7063
   End: 	0.0230,0.0200,1.5363
   Width: 0.16
   Color: 088
  Engine:
   Material: plasmathruster, plasmathruster_back
   Start: 	0.1061,-0.0312,0.6530
   End: 	0.1061,-0.0312,1.5030
   Width: 0.10
   Color: 088
  Engine:
   Material: plasmathruster, plasmathruster_back
   Start: 	0.0542,-0.0323,0.6575
   End: 	0.0542,-0.0323,1.5075
   Width: 0.10
   Color: 088
 EndParticleSystem
 
 
//============================================
// hiigaran colony ship
//============================================

Model: hiigaran_colonizer
 File: ../../../Models/hiigaran/hiigaran_colonizer/hiigaran_colonizer.obj
 Material: hiigaran_colonizer
 Scale: 0.1
 Translate: 0,-0.05,-0.25

//Firing Points
 Firing Point: bank,-0.0042,0.0551,-0.1438, -0.0530,0.9986,0.0000,160,0.0497,0.0527,0.4153,0.0700,0.0470,-0.8126, -0.1091,0.0423,0.3090,-0.1091,0.0423,-0.2399,0.1247,0.0380,-0.4144,0.0015,-0.0067,0.2059,-0.0710,-0.0067,0.9582, 0.0642,0.0504,0.6045
 Firing Point: bank,0.0005,-0.0440,-0.1158, 0.0000,-1.0000,0.0000,160,-0.1101,-0.0067,-0.8414,0.1189,-0.0202,-0.6530,-0.1064,-0.0440,-0.3499,0.1511,-0.0440,-0.1992,-0.0637,-0.0440,-0.0555,0.1094,-0.0346,0.1825,-0.0852,-0.0440,0.4104,0.0736,-0.0346,0.6051,-0.0645,-0.0346,0.6706
 Firing Point: bank,-0.0168,0.0175,-0.9740, 0.0000,-0.0000,-1.0000,120, 0.0826,0.0089,-0.9740,-0.1118,0.0154,-0.9740
 Firing Point: bank,-0.0042,0.0180,0.8512, 0.0000,-0.0000,1.0000,120,-0.0928,0.0123,0.8512,0.1035,0.0238,0.8512
 Firing Point: bank,-0.2120,-0.0107,-0.1364, -0.5746,0.8185,0.0000,160,-0.1594,0.0265,-0.7053,-0.1775,0.0033,-0.8031,-0.1499,0.0309,0.0765,-0.2158,-0.0134,0.1373,-0.1769,0.0072,0.5134,-0.1651,0.0117,0.7754
 Firing Point: bank,0.2156,-0.0153,-0.0429, 0.8448,-0.5350,0.0000,160,0.1745,0.0093,0.7329,0.1784,0.0102,0.5086,0.2122,-0.0108,-0.1298,0.2128,-0.0113,-0.4048,0.1955,-0.0142,-0.5925,0.1832,0.0118,-0.8118,0.1414,0.0334,-0.7430
 
//Impact Points
 Impact Point: bank,-0.0042,0.0551,-0.1438, -0.0530,0.9986,0.0000,160,0.0497,0.0527,0.4153,0.0700,0.0470,-0.8126, -0.1091,0.0423,0.3090,-0.1091,0.0423,-0.2399,0.1247,0.0380,-0.4144,0.0015,-0.0067,0.2059,-0.0710,-0.0067,0.9582, 0.0642,0.0504,0.6045
 Impact Point: bank,0.0005,-0.0440,-0.1158, 0.0000,-1.0000,0.0000,160,-0.1101,-0.0067,-0.8414,0.1189,-0.0202,-0.6530,-0.1064,-0.0440,-0.3499,0.1511,-0.0440,-0.1992,-0.0637,-0.0440,-0.0555,0.1094,-0.0346,0.1825,-0.0852,-0.0440,0.4104,0.0736,-0.0346,0.6051,-0.0645,-0.0346,0.6706
 Impact Point: bank,-0.0168,0.0175,-0.9740, 0.0000,-0.0000,-1.0000,120, 0.0826,0.0089,-0.9740,-0.1118,0.0154,-0.9740
 Impact Point: bank,-0.0042,0.0180,0.8512, 0.0000,-0.0000,1.0000,120,-0.0928,0.0123,0.8512,0.1035,0.0238,0.8512
 Impact Point: bank,-0.2120,-0.0107,-0.1364, -0.5746,0.8185,0.0000,160,-0.1594,0.0265,-0.7053,-0.1775,0.0033,-0.8031,-0.1499,0.0309,0.0765,-0.2158,-0.0134,0.1373,-0.1769,0.0072,0.5134,-0.1651,0.0117,0.7754
 Impact Point: bank,0.2156,-0.0153,-0.0429, 0.8448,-0.5350,0.0000,160,0.1745,0.0093,0.7329,0.1784,0.0102,0.5086,0.2122,-0.0108,-0.1298,0.2128,-0.0113,-0.4048,0.1955,-0.0142,-0.5925,0.1832,0.0118,-0.8118,0.1414,0.0334,-0.7430
 
 ParticleSystem:
  Engine:
   Material: plasmathruster, plasmathruster_back
   Start: 	0.0307,0.0177,0.6512
   End: 	0.0307,0.0177,1.2512
   Width: 0.12
   Color: 088
  Engine:
   Material: plasmathruster, plasmathruster_back
   Start: 	-0.0301,0.0167,0.6512
   End: 	-0.0301,0.0167,1.2512
   Width: 0.12
   Color: 088
  Engine:
   Material: plasmathruster, plasmathruster_back
   Start: 	0.0681,0.0174,0.6512
   End: 	0.0681,0.0174,1.2512
   Width: 0.12
   Color: 088
  Engine:
   Material: plasmathruster, plasmathruster_back
   Start: 	-0.0671,0.0161,0.6512
   End: 	-0.0671,0.0161,1.2512
   Width: 0.12
   Color: 088
  Engine:
   Material: plasmathruster, plasmathruster_back
   Start: 	0.1029,0.0126,0.6512
   End: 	0.1029,0.0126,1.2512
   Width: 0.10
   Color: 088
  Engine:
   Material: plasmathruster, plasmathruster_back
   Start: 	-0.1025,0.0130,0.6512
   End:		-0.1025,0.0130,1.2512
   Width: 0.10
   Color: 088
 EndParticleSystem

//============================================
// hiigaran hauler
//============================================

Model: hiigaran_hauler_lod2
 File: ../../../Models/hiigaran/hiigaran_hauler/hiigaran_freighter_lod2.obj
 Translate: 0, 0, 0
 Scale: 0.06
 Rotate: 0,270,0
 Material: hiigaran_hauler_low

Model: hiigaran_hauler_lod1
 File: ../../../Models/hiigaran/hiigaran_hauler/hiigaran_freighter_lod1.obj
 Translate: 0, 0, 0
 Scale: 0.06
 Rotate: 0,270,0
 Material: hiigaran_hauler_low
 LOD: hiigaran_hauler_lod2, 0.08

Model: hiigaran_hauler
 File: ../../../Models/hiigaran/hiigaran_hauler/hiigaran_freighter.obj
 Translate: 0, 0, 0
 Scale: 0.06
 Rotate: 0,270,0
 Material: hiigaran_hauler
 LOD: hiigaran_hauler_lod1, 0.015

//Firing Points
 Firing Point: bank,-0.0029,0.1320,0.0133, 0.0000,0.9969,-0.0780,160,-0.0455,0.1434,0.4677,0.1253,0.1108,-0.3937,-0.1302,0.0940,-0.4721,0.1416,0.0995,0.6163,0.1202,0.1154,-0.3556,0.2433,0.0724,0.1099
 Firing Point: bank,-0.0000,-0.1337,0.0440, 0.0000,-1.0000,0.0000,160,0.0206,-0.0603,0.4278,0.1273,0.0017,-0.4505,-0.1261,0.0006,-0.4369,-0.1496,0.0211,0.0748,-0.0369,-0.0983,0.4979,0.2157,-0.0459,0.4149,0.0134,-0.1168,0.1901
 Firing Point: bank,-0.0359,0.0059,0.6097, -0.0000,-0.0000,1.0000,120,-0.2413,0.0148,0.5145,-0.0092,0.1247,0.5312,0.2007,0.0177,0.5145,0.0418,-0.0634,0.5721,0.0249,-0.0009,0.6097
 Firing Point: bank,-0.0033,0.0309,-0.6238, 0.0000,-0.4657,-0.8849,120,0.0952,0.0293,-0.6467,0.0844,0.0756,-0.5433,-0.1167,0.0351,-0.6498,-0.0405,-0.0589,-0.5988,0.0405,-0.0678,-0.6000
 Firing Point: bank,0.0519,-0.0871,-0.0028, 1.0000,0.0000,-0.0043,160,0.2830,-0.0089,0.4502,0.1885,0.0934,0.4120,0.1816,0.1044,0.0235,0.2835,-0.0070,0.0788,0.1146,-0.0094,-0.44280.0521,-0.0916,-0.4052
 Firing Point: bank,-0.0526,-0.1014,0.0092, -1.0000,0.0000,0.0000,160,-0.1751,0.0432,-0.3875,-0.1945,0.0601,-0.1276,-0.1736,0.1171,0.3172,-0.0552,-0.0706,0.3238,-0.0526,-0.0733,-0.5414,-0.2970,0.0050,0.1080
//Impact Points
 Impact Point: bank,-0.0029,0.1320,0.0133, 0.0000,0.9969,-0.0780,160,-0.0455,0.1434,0.4677,0.1253,0.1108,-0.3937,-0.1302,0.0940,-0.4721,0.1416,0.0995,0.6163,0.1202,0.1154,-0.3556,0.2433,0.0724,0.1099
 Impact Point: bank,-0.0000,-0.1337,0.0440, 0.0000,-1.0000,0.0000,160,0.0206,-0.0603,0.4278,0.1273,0.0017,-0.4505,-0.1261,0.0006,-0.4369,-0.1496,0.0211,0.0748,-0.0369,-0.0983,0.4979,0.2157,-0.0459,0.4149,0.0134,-0.1168,0.1901
 Impact Point: bank,-0.0359,0.0059,0.6097, -0.0000,-0.0000,1.0000,120,-0.2413,0.0148,0.5145,-0.0092,0.1247,0.5312,0.2007,0.0177,0.5145,0.0418,-0.0634,0.5721,0.0249,-0.0009,0.6097
 Impact Point: bank,-0.0033,0.0309,-0.6238, 0.0000,-0.4657,-0.8849,120,0.0952,0.0293,-0.6467,0.0844,0.0756,-0.5433,-0.1167,0.0351,-0.6498,-0.0405,-0.0589,-0.5988,0.0405,-0.0678,-0.6000
 Impact Point: bank,0.0519,-0.0871,-0.0028, 1.0000,0.0000,-0.0043,160,0.2830,-0.0089,0.4502,0.1885,0.0934,0.4120,0.1816,0.1044,0.0235,0.2835,-0.0070,0.0788,0.1146,-0.0094,-0.44280.0521,-0.0916,-0.4052
 Impact Point: bank,-0.0526,-0.1014,0.0092, -1.0000,0.0000,0.0000,160,-0.1751,0.0432,-0.3875,-0.1945,0.0601,-0.1276,-0.1736,0.1171,0.3172,-0.0552,-0.0706,0.3238,-0.0526,-0.0733,-0.5414,-0.2970,0.0050,0.1080

 ParticleSystem:
  Engine:
   Material: plasmathruster, plasmathruster_back
   Start: 	0.0445,0.0069,0.3897
   End: 	0.0445,0.0069,1.1097
   Width: 0.12
   Color: 088
   
  Engine:
   Material: plasmathruster, plasmathruster_back
   Start: 	-0.0438,0.0070,0.3897
   End: 	-0.0438,0.0070,1.1097
   Width: 0.12
   Color: 088
 EndParticleSystem

//============================================
// hiigaran station
//============================================

Model: hiigaran_station_lod2
 File: ../../../Models/hiigaran/hiigaran_Station/hiigaran_station_lod2.obj
 Material: hiigaran_station_low
 Scale: 0.1
 Rotate: 0, 0, 0
 Translate: 0, -0.25, 0

Model: hiigaran_station_lod1
 File: ../../../Models/hiigaran/hiigaran_Station/hiigaran_station_lod1.obj
 Material: hiigaran_station_low
 LOD: hiigaran_station_lod2, 0.06
 Scale: 0.1
 Rotate: 0, 0, 0
 Translate: 0, -0.25, 0

Model: hiigaran_station
 File: ../../../Models/hiigaran/hiigaran_Station/hiigaran_station.obj
 Scale: 0.1
 Translate: 0, -0.25, 0
 Material: hiigaran_station
 LOD: hiigaran_station_lod1, 0.016
 
 //==== Firing Points
 Firing Point: bank,0.0058,0.1700,0.0100, 0.0000,1.0000,0.0000,160,-0.1761,0.1254,-0.2003,-0.2758,0.1039,0.1338,0.0617,0.1540,0.1528,-0.1436,0.1567,-0.0419,0.1656,0.1532,-0.0392,-0.2813,0.0681,-0.4084,0.4786,0.0681,0.0994
 Firing Point: bank,0.0024,-0.0669,-0.0499, -0.0000,-1.0000,0.0000,160,-0.0235,-0.0557,-0.2114,0.2109,-0.0340,-0.0197,0.0815,-0.0292,0.2172,-0.1777,-0.0613,0.0910,0.4441,0.0109,-0.2340,0.4548,0.0133,0.0928,0.0069,-0.0669,-0.0311,-0.4524,0.0109,-0.2633
 Firing Point: bank,-0.2823,0.0302,0.0520, -0.9834,-0.0534,0.1734,160,-0.2804,0.1098,-0.0906,-0.2770,0.0800,0.2065,-0.4935,0.0454,-0.2501,-0.0716,-0.1130,0.0883,-0.0434,0.0259,0.5046
 Firing Point: bank,-0.0133,0.0222,-0.4000, 0.0675,0.8715,-0.4858,160,0.4018,0.0516,-0.2649,0.1811,0.0911,-0.2750,-0.1256,0.1044,-0.2785,-0.3047,0.0465,-0.5154,-0.1279,-0.0566,-0.1373,0.0069,-0.1249,0.0046
 Firing Point: bank,0.3304,0.0357,-0.0956, 0.2828,-0.0296,-0.9587,160,0.2849,0.1128,0.0568,0.1744,0.0918,-0.2787,0.1990,0.1432,-0.0726,0.0511,-0.1924,0.0848,0.0854,-0.1040,0.0224,0.5220,0.0526,-0.2850,0.5165,0.0538,-0.0398
 Firing Point: bank,0.0571,0.0316,0.3233, 0.0039,-0.0541,0.9985,160,-0.1328,0.0887,0.30480.0270,0.1222,0.2693,0.2083,0.0851,0.2661,-0.1681,0.0053,0.3477,0.2147,0.0491,0.5598,0.0221,-0.1094,0.1564,0.0037,-0.2046,0.1291
 
 //==== Impact Points
 Impact Point: bank,0.0058,0.1700,0.0100, 0.0000,1.0000,0.0000,160,-0.1761,0.1254,-0.2003,-0.2758,0.1039,0.1338,0.0617,0.1540,0.1528,-0.1436,0.1567,-0.0419,0.1656,0.1532,-0.0392,-0.2813,0.0681,-0.4084,0.4786,0.0681,0.0994
 Impact Point: bank,0.0024,-0.0669,-0.0499, -0.0000,-1.0000,0.0000,160,-0.0235,-0.0557,-0.2114,0.2109,-0.0340,-0.0197,0.0815,-0.0292,0.2172,-0.1777,-0.0613,0.0910,0.4441,0.0109,-0.2340,0.4548,0.0133,0.0928,0.0069,-0.0669,-0.0311,-0.4524,0.0109,-0.2633
 Impact Point: bank,-0.2823,0.0302,0.0520, -0.9834,-0.0534,0.1734,160,-0.2804,0.1098,-0.0906,-0.2770,0.0800,0.2065,-0.4935,0.0454,-0.2501,-0.0716,-0.1130,0.0883,-0.0434,0.0259,0.5046
 Impact Point: bank,-0.0133,0.0222,-0.4000, 0.0675,0.8715,-0.4858,160,0.4018,0.0516,-0.2649,0.1811,0.0911,-0.2750,-0.1256,0.1044,-0.2785,-0.3047,0.0465,-0.5154,-0.1279,-0.0566,-0.1373,0.0069,-0.1249,0.0046
 Impact Point: bank,0.3304,0.0357,-0.0956, 0.2828,-0.0296,-0.9587,160,0.2849,0.1128,0.0568,0.1744,0.0918,-0.2787,0.1990,0.1432,-0.0726,0.0511,-0.1924,0.0848,0.0854,-0.1040,0.0224,0.5220,0.0526,-0.2850,0.5165,0.0538,-0.0398
 Impact Point: bank,0.0571,0.0316,0.3233, 0.0039,-0.0541,0.9985,160,-0.1328,0.0887,0.30480.0270,0.1222,0.2693,0.2083,0.0851,0.2661,-0.1681,0.0053,0.3477,0.2147,0.0491,0.5598,0.0221,-0.1094,0.1564,0.0037,-0.2046,0.1291

//============================================
// hiigaran station trade
//============================================

Model: hiigaran_station_trade_lod2
 File: ../../../Models/hiigaran/hiigaran_Station_trade/hiigaran_station_trade_lod2.obj
 Material: hiigaran_station_trade
 Scale: 0.125
 Rotate: 0, 0, 0
 Translate: 0, 0, 0

Model: hiigaran_station_trade_lod1
 File: ../../../Models/hiigaran/hiigaran_Station_trade/hiigaran_station_trade_lod1.obj
 Material: hiigaran_station_trade
 LOD: hiigaran_station_trade_lod2, 0.06
 Scale: 0.125
 Rotate: 0, 0, 0
 Translate: 0, 0, 0

Model: hiigaran_station_trade
 File: ../../../Models/hiigaran/hiigaran_Station_trade/hiigaran_station_trade.obj
 Scale: 0.125
 Translate: 0, 0, 0
 Material: hiigaran_station_trade
 LOD: hiigaran_station_trade_lod1, 0.016
 
 //==== Firing Points
 Firing Point: bank,-0.0275,0.4155,0.0278, 0.0000,1.0000,0.0000,160,0.0442,0.4280,-0.2904,-0.0876,0.4280,-0.3657,0.0622,0.4280,0.0487,-0.1130,0.4155,0.0173,0.0797,0.4280,0.3650,-0.1082,0.4155,0.2678,-0.0681,0.4251,0.4594
 Firing Point: bank,-0.0370,0.3165,0.0193, -0.0000,-1.0000,0.0000,160,-0.0817,0.3150,-0.3589,0.0609,0.3040,-0.2226,-0.0707,0.3165,0.1366,0.0655,0.3040,0.3669,-0.0524,0.3040,0.3890,0.0592,0.3051,0.0017
 Firing Point: bank,-0.0949,0.3763,-0.0162, -1.0000,-0.0000,0.0000,160,-0.1505,0.3886,-0.4054,0.1123,0.5239,0.0791,0.1289,0.4918,-0.0960,0.1382,0.4676,-0.5116,-0.1505,0.3870,0.3684,0.1072,0.2275,0.0735,-0.1505,0.3848,-0.4244
 Firing Point: bank,0.1723,0.3817,-0.0162, 1.0000,0.0000,0.0000,160,0.1305,0.3960,0.3714,0.1340,0.3402,0.1952,0.1289,0.5227,0.0722,0.1362,0.2555,0.0938,0.1760,0.4177,-0.0987,0.1178,0.4109,-0.3070,0.1647,0.3378,-0.5199
 Firing Point: bank,-0.0230,0.3663,0.5142, 0.0000,-0.0000,1.0000,120,0.0896,0.3943,0.5053,-0.1182,0.3962,0.5035,-0.1032,0.3336,0.4758,0.0913,0.3688,0.5142
 Firing Point: bank,-0.0992,0.3701,-0.5322, 0.0000,0.0000,-1.0000,120,0.0543,0.3954,-0.41500.0014,0.3327,-0.4692,-0.0962,0.4079,-0.5098,-0.1225,0.3429,-0.5285
 
 //==== Impact Points
 Impact Point: bank,-0.0275,0.4155,0.0278, 0.0000,1.0000,0.0000,160,0.0442,0.4280,-0.2904,-0.0876,0.4280,-0.3657,0.0622,0.4280,0.0487,-0.1130,0.4155,0.0173,0.0797,0.4280,0.3650,-0.1082,0.4155,0.2678,-0.0681,0.4251,0.4594
 Impact Point: bank,-0.0370,0.3165,0.0193, -0.0000,-1.0000,0.0000,160,-0.0817,0.3150,-0.3589,0.0609,0.3040,-0.2226,-0.0707,0.3165,0.1366,0.0655,0.3040,0.3669,-0.0524,0.3040,0.3890,0.0592,0.3051,0.0017
 Impact Point: bank,-0.0949,0.3763,-0.0162, -1.0000,-0.0000,0.0000,160,-0.1505,0.3886,-0.4054,0.1123,0.5239,0.0791,0.1289,0.4918,-0.0960,0.1382,0.4676,-0.5116,-0.1505,0.3870,0.3684,0.1072,0.2275,0.0735,-0.1505,0.3848,-0.4244
 Impact Point: bank,0.1723,0.3817,-0.0162, 1.0000,0.0000,0.0000,160,0.1305,0.3960,0.3714,0.1340,0.3402,0.1952,0.1289,0.5227,0.0722,0.1362,0.2555,0.0938,0.1760,0.4177,-0.0987,0.1178,0.4109,-0.3070,0.1647,0.3378,-0.5199
 Impact Point: bank,-0.0230,0.3663,0.5142, 0.0000,-0.0000,1.0000,120,0.0896,0.3943,0.5053,-0.1182,0.3962,0.5035,-0.1032,0.3336,0.4758,0.0913,0.3688,0.5142
 Impact Point: bank,-0.0992,0.3701,-0.5322, 0.0000,0.0000,-1.0000,120,0.0543,0.3954,-0.41500.0014,0.3327,-0.4692,-0.0962,0.4079,-0.5098,-0.1225,0.3429,-0.5285
 
//============================================
// hgn Satellite
//============================================
Model: hgn_Satellite_lod2
 File: ../../../Models/hiigaran/hgn_Satellite/hgn_Satellite_lod2.obj
 Scale: 0.0035
 Material: hgn_Satellite

Model: hgn_Satellite_lod1
 File: ../../../Models/hiigaran/hgn_Satellite/hgn_Satellite_lod1.obj
 Scale: 0.0035
 Material: hgn_Satellite
 LOD: hgn_Satellite_lod2, 0.6
 
Model: hgn_Satellite
 File: ../../../Models/hiigaran/hgn_Satellite/hgn_Satellite.obj
 Scale: 0.0035
 Material: hgn_Satellite
 LOD: hgn_Satellite_lod1, 0.3
 
 
 // Firing Points
 Firing Point: bank, -0.0687,0.2214,0.1262, 0.0000,0.0000,1.0000, 30, 0.0703,0.2204,0.1262, -0.0643,-0.2242,0.1262, 0.0719,-0.2237,0.1262
 Firing Point: bank, 0.2741,0.0726,0.0582, 0,1,0, 30, 0.2760,0.0720,-0.0650, -0.2742,0.0726,0.0585, -0.2746,0.0725,-0.0625
  Firing Point: bank, -0.2651,-0.0734,0.0585, 0,-1,0,30, -0.2662,-0.0740,-0.0632, 0.2693,-0.0757,-0.0660, 0.2730,-0.0756,0.0540
 
 Impact Point: line, -0.3339,-0.0005,-0.1559,-0.3339,0.0050,0.3718, -1.0000,0.0000,0.0000, 60
 Impact Point: line, 0.3339,-0.0076,-0.1473, 0.3339,-0.0079,0.3641, 1.0000,0.0000,-0.0000, 60
 Impact Point: line, 0.1882,-0.0047,-0.2823, -0.1994,-0.0022,-0.2701, 0.0000,0.0000,-1.0000, 60
 Impact Point: tri, -0.2656,0.0701,-0.1993, 0.0059,0.0514,0.2695, 0.2454,0.0771,-0.2075,60
 Impact Point: tri, 0.0006,0.2317,-0.1033,-0.0781,0.2408,0.1199, 0.0817,0.2342,0.1129, 60
 Impact Point: tri, 0.2881,-0.0624,0.3150, -0.2860,-0.0631,0.3179, 0.0088,-0.0954,-0.2101, 60
  Impact Point: tri, -0.0026,-0.2437,-0.0818, 0.0801,-0.2454,0.0792, -0.0706,-0.2409,0.1065, 60
   Impact Point: tri, -0.1165,0.0845,0.3824, -0.3185,0.0022,0.3824, -0.1110,-0.0863,0.3824, 60
   Impact Point: tri, 0.1176,-0.0893,0.3288, 0.3283,0.0055,0.3824, 0.1027,0.0839,0.3288, 60

//===========================================
// hgn_Probe
//===========================================
Model: hgn_Probe_lod1
 File: ../../../Models/hiigaran/hgn_Probe/hgn_Probe_lod1.obj
 Scale: 0.0255
 Material: hgn_Probe
 
Model: hgn_Probe
 File: ../../../Models/hiigaran/hgn_Probe/hgn_Probe.obj
 Scale: 0.0255
 Material: hgn_Probe
 LOD: hgn_Probe_lod1, 0.3

// Impact Points
Impact Point: point, -0.0012,0.0044,0.2240, 0.0000,0.0000,-1.0000, 360

// Firing Points
Firing Point: point, -0.0002,0.0030,0.2240, 0.0000,0.0000,-1.0000, 360
 
 ParticleSystem:
  Engine:  //L: 4000 O: 1500
   Material: plasmathruster, plasmathruster_back
   Start:  0.0132,-0.0008,0.0 
   End:    0.0132,-0.0008,2.0815 
   Width: 0.5
   Color: 088
  EndParticleSystem 
 
 //===========================================
// hgn fighter
//===========================================
Model: hgn_Fighter_lod2
 File: ../../../Models/hiigaran/hgn_fighter/hgn_Fighter_lod2.obj
 Scale: 0.017
 Material: hgn_Fighter

Model: hgn_Fighter_lod1
 File: ../../../Models/hiigaran/hgn_fighter/hgn_Fighter_lod1.obj
 Scale: 0.017
 Material: hgn_Fighter
 LOD: hgn_Fighter_lod2, 0.6
 
Model: hgn_Fighter
 File: ../../../Models/hiigaran/hgn_fighter/hgn_Fighter.obj
 Scale: 0.017
 Material: hgn_Fighter
 LOD: hgn_Fighter_lod1, 0.3	


//== Impact Points
Impact Point: tri, -0.3003,0.0670,0.7402, 0.3396,0.0366,0.7128, -0.0565,0.0835,-0.5531, 90
Impact Point: tri, 0.0811,-0.1816,-0.5583, 0.2644,-0.0863,0.6703, -0.2647,-0.0873,0.6667, 90

//== Firing Points
Firing Point: point, 0.0715,-0.0904,-0.6924, 0.0,-0.0,-1.0, 90
 
 
 
ParticleSystem:
  Engine:  //L: 8000 O: 3000
   Material: plasmathruster, plasmathruster_back
   Start:   0.2020,     -0.0199,    0.0 
   End:     0.0016,		0.0001,		2.6084
   Width: 0.25
   Color: 088
   
   Engine:  //L: 8000 O: 3000
   Material: plasmathruster, plasmathruster_back
   Start:   -0.1423,-0.0104,   0.0
   End:     -0.1423,-0.0104,	2.6084
   Width: 0.25
   Color: 088
   
   Engine:  //L: 8000 O: 3000
   Material: plasmathruster, plasmathruster_back
   Start:   0.2023,-0.0236,  0.10 
   End:     0.2023,-0.0236,	2.0084
   Width: 0.15
   Color: 088
   
   Engine:  //L: 8000 O: 3000
   Material: plasmathruster, plasmathruster_back
   Start:   -0.2139,-0.0279,   0.10 
   End:     -0.2139,-0.0279, 2.0084
   Width: 0.15
   Color: 088
   
   
EndParticleSystem

//============================================
// hgn_Bomber
//============================================
Model: hgn_Bomber_lod2
 File: ../../../Models/hiigaran/hgn_Bomber/hgn_Bomber_lod2.obj
 Scale: 0.0065
 Material: hgn_Bomber

Model: hgn_Bomber_lod1
 File: ../../../Models/hiigaran/hgn_Bomber/hgn_Bomber_lod1.obj
 Scale: 0.0065
 Material: hgn_Bomber
 LOD: hgn_Bomber_lod2, 0.6
 
Model: hgn_Bomber
 File: ../../../Models/hiigaran/hgn_Bomber/hgn_Bomber.obj
 Scale: 0.0065
 Material: hgn_Bomber
 LOD: hgn_Bomber_lod1, 0.2
 
 
Firing Point: bank, -0.3589,-0.0251,-0.5805, 0,0,-1.0, 30, 0.3425,-0.0039,-0.5924, 
Firing Point: point, 0.1281,-0.0955,-0.0937, 0.5849,-0.8111,0.0060 , 30
Firing Point: point, -0.1260,-0.1023,-0.0925, -0.5352,-0.8444,0.0215 , 30

Impact Point: line, -0.3431,0.1395,0.2452, -0.3165,0.0429,-0.6190,  -0.0385,0.8073,-0.5889, 60
Impact Point: line, -0.5029,0.0353,0.1900, -0.4772,0.0508,-0.1021, -0.6467,0.6140,-0.4526, 60
Impact Point: line,  -0.5515,-0.0302,0.1842, -0.5533,-0.0307,-0.0162, -0.9175,-0.3976,0.0079, 60
Impact Point: line, -0.3445,-0.1233,0.1719, -0.3187,-0.0862,-0.5981, 0.5494,-0.8354,-0.0179, 60
Impact Point: line,  0.0107,0.0646,0.3412, 0.0125,0.0939,0.7421, 0.0307,-0.9969,0.0726, 60
Impact Point: line, 0.0005,-0.1552,0.1058, 0.0132,-0.0911,-0.5646, 0.0244,-0.9568,-0.2898, 60
Impact Point: line, 0.0039,0.1336,0.7573, 0.0065,0.1952,-0.0758, -0.0296,0.9995,0.0070, 60
Impact Point: line, -0.0051,0.1727,-0.1250, 0.0152,-0.0250,-0.6298, -0.0326,0.9527,-0.3023, 60
Impact Point: line, 0.3549,0.1603,0.2354, 0.3087,0.0697,-0.6006, -0.0280,0.9995,0.0125 , 60
Impact Point: line, 0.4856,0.0765,-0.0999, 0.5151,0.0579,0.1921, 0.6039,0.7970,0.0011, 60
Impact Point: line, 0.3549,-0.1025,0.1640, 0.3355,-0.0715,-0.5849, 0.0280,-0.9995,-0.0125, 60



ParticleSystem:
  Engine:  //L: 8000 O: 3000
   Material: plasmathruster, plasmathruster_back
   Start:   0.0929,-0.0142,-0.3042
   End:     0.0929,-0.0142,1.3042
   Width: 0.25
   Color: 088
   
   Engine:  //L: 8000 O: 3000
   Material: plasmathruster, plasmathruster_back
   Start:   -0.0797,-0.0199,-0.3071
   End:     -0.0797,-0.0199,1.3071
   Width: 0.25
   Color: 088
   
   Engine:  //L: 8000 O: 3000
   Material: plasmathruster, plasmathruster_back
   Start:   0.0052,-0.0903,-0.22
   End:      0.0052,-0.0903,1.0
   Width: 0.15
   Color: 088
 EndParticleSystem
 

//===========================================
// hgn medium
//===========================================
Model: hgn_Frigate_lod2
 File: ../../../Models/hiigaran/hgn_Frigate/hgn_Frigate_lod2.obj
 Scale: 0.004102
 Material: hgn_Frigate

Model: hgn_Frigate_lod1
 File: ../../../Models/hiigaran/hgn_Frigate/hgn_Frigate_lod1.obj
 Scale: 0.004102
 Material: hgn_Frigate
 LOD: hgn_Frigate_lod2, 0.6
 
Model: hgn_Frigate
 File: ../../../Models/hiigaran/hgn_Frigate/hgn_Frigate.obj
 Scale: 0.004102
 Material: hgn_Frigate
 LOD: hgn_Frigate_lod1, 0.3
 
 //==== Firing Points
 Firing Point: bank,-0.0001,0.0615,-0.0168, -0.0000,1.0000,0.0000,160,0.0442,0.0408,-0.5677,-0.0825,0.0584,-0.4118,0.0742,0.0584,-0.1118,0.1481,-0.0003,-0.0112,-0.1674,-0.0087,0.0004,0.0717,0.0615,0.2782,-0.0992,0.0549,0.3624,0.0127,0.0655,0.5674
 Firing Point: bank,0.0022,-0.0771,-0.0025, 0.0000,-1.0000,0.0000,160,-0.0275,-0.0898,-0.4585,0.0967,-0.0041,-0.5595,-0.1416,-0.1084,-0.0018,0.1530,-0.1045,0.0416,-0.0612,-0.0954,0.3877,0.0427,-0.1045,0.4493,0.1801,-0.0170,0.5296,-0.2174,-0.0170,0.5247,-0.0028,-0.1045,0.6087
 Firing Point: bank,-0.0595,0.0123,-0.6904, -0.0000,0.0000,-1.0000,120,0.0521,0.0105,-0.6904,0.0071,-0.0525,-0.6434,-0.0078,0.0217,-0.6484,-0.1514,-0.0448,-0.3346,0.1367,-0.0583,-0.3445
 Firing Point: bank,0.0010,-0.0600,0.7088, -0.0000,-0.0000,1.0000,120,-0.0537,-0.0357,0.7170,0.2462,-0.0050,0.5545,0.0560,-0.0418,0.7170,-0.2423,-0.0089,0.5560
 Firing Point: bank,-0.2185,-0.0351,0.0006, -1.0000,0.0000,0.0000,160,-0.1418,0.0364,-0.3972,-0.0632,-0.0675,-0.4556,-0.1173,0.0356,-0.0244,-0.2156,-0.0715,0.0910,-0.1614,0.0105,0.3285,-0.0863,-0.0479,0.5018
 Firing Point: bank,0.2185,-0.0352,-0.0074, 1.0000,0.0000,0.0000,160,0.0882,-0.0609,0.4669,0.1611,0.0108,0.3616,0.1385,0.0311,-0.4299,0.0578,-0.0654,-0.4835,0.1834,-0.0500,-0.2835
 
 //==== Impact Points
 Impact Point: bank,-0.0001,0.0615,-0.0168, -0.0000,1.0000,0.0000,160,0.0442,0.0408,-0.5677,-0.0825,0.0584,-0.4118,0.0742,0.0584,-0.1118,0.1481,-0.0003,-0.0112,-0.1674,-0.0087,0.0004,0.0717,0.0615,0.2782,-0.0992,0.0549,0.3624,0.0127,0.0655,0.5674
 Impact Point: bank,0.0022,-0.0771,-0.0025, 0.0000,-1.0000,0.0000,160,-0.0275,-0.0898,-0.4585,0.0967,-0.0041,-0.5595,-0.1416,-0.1084,-0.0018,0.1530,-0.1045,0.0416,-0.0612,-0.0954,0.3877,0.0427,-0.1045,0.4493,0.1801,-0.0170,0.5296,-0.2174,-0.0170,0.5247,-0.0028,-0.1045,0.6087
 Impact Point: bank,-0.0595,0.0123,-0.6904, -0.0000,0.0000,-1.0000,120,0.0521,0.0105,-0.6904,0.0071,-0.0525,-0.6434,-0.0078,0.0217,-0.6484,-0.1514,-0.0448,-0.3346,0.1367,-0.0583,-0.3445
 Impact Point: bank,0.0010,-0.0600,0.7088, -0.0000,-0.0000,1.0000,120,-0.0537,-0.0357,0.7170,0.2462,-0.0050,0.5545,0.0560,-0.0418,0.7170,-0.2423,-0.0089,0.5560,
 Impact Point: bank,-0.2185,-0.0351,0.0006, -1.0000,0.0000,0.0000,160,-0.1418,0.0364,-0.3972,-0.0632,-0.0675,-0.4556,-0.1173,0.0356,-0.0244,-0.2156,-0.0715,0.0910,-0.1614,0.0105,0.3285,-0.0863,-0.0479,0.5018
 Impact Point: bank,0.2185,-0.0352,-0.0074, 1.0000,0.0000,0.0000,160,0.0882,-0.0609,0.4669,0.1611,0.0108,0.3616,0.1385,0.0311,-0.4299,0.0578,-0.0654,-0.4835,0.1834,-0.0500,-0.2835
 
 ParticleSystem:
 //
  Engine:  //L: 8000 O: 3000
   Material: plasmathruster, plasmathruster_back
   Start:   0.0645,-0.0236,0.4196
   End:     0.0645,-0.0236,1.5096
   Width: 0.15
   Color: 088
   
   Engine:  //L: 8000 O: 3000
   Material: plasmathruster, plasmathruster_back
   Start:   -0.0046,-0.0475,0.4186
   End:     -0.0046,-0.0475,1.5986
   Width: 0.15
   Color: 088
   
    Engine:  //L: 8000 O: 3000
   Material: plasmathruster, plasmathruster_back
   Start:   -0.0758,-0.0238,0.4184
   End:     -0.0758,-0.0238,1.5084
   Width: 0.15
   Color: 088
   
 //  
   Engine:  //L: 8000 O: 3000
   Material: plasmathruster, plasmathruster_back
   Start:   0.0183,0.0060,0.4536
   End:    0.0183,0.0060,1.3236
   Width: 0.10
   Color: 088
   
   Engine:  //L: 8000 O: 3000
   Material: plasmathruster, plasmathruster_back
   Start:   -0.0294,0.0055,0.4532
   End:     -0.0294,0.0055,1.3232
   Width: 0.10
   Color: 088
   
  
  
 EndParticleSystem
 
   //===========================================
 // hgn very large
 //===========================================
  Model: hgn_Juggernaut_lod2
 File: ../../../Models/hiigaran/hgn_Juggernaut/hgn_Juggernaut_lod2.obj
 Scale: 0.0012
 Material: hgn_Juggernaut

Model: hgn_Juggernaut_lod1
 File: ../../../Models/hiigaran/hgn_Juggernaut/hgn_Juggernaut_lod1.obj
 Scale: 0.0012
 Material: hgn_Juggernaut
 LOD: hgn_Juggernaut_lod2, 0.6
 
Model: hgn_Juggernaut
 File: ../../../Models/hiigaran/hgn_Juggernaut/hgn_Juggernaut.obj
 Scale: 0.0012
 Material: hgn_Juggernaut
 LOD: hgn_Juggernaut_lod1, 0.3
 
 Firing Point: bank, -0.0013,-0.1395,-0.7454, 0.00,-0.0,-1.0, 30, -0.0549,-0.0733,-0.8026, -0.0405,-0.1019,-0.7931, 0.0368,-0.1007,-0.7936, 0.0506,-0.0748,-0.8034
 Firing Point: bank, 0.1319,-0.2191,-0.4253,  0.4902,-0.8716,-0.0064, 30, 0.1546,-0.2082,-0.1277, 0.1302,-0.2239,0.1752 
 Firing Point: bank, -0.1277,-0.2249,0.1774,  -0.4790,-0.8778,-0.0045, 30, -0.1483,-0.2124,-0.1283, -0.1285,-0.2220,-0.4237
 Firing Point: bank, -0.2936,0.1294,0.0841, -1.0000,-0.0064,0.0020, 30, -0.2944,0.1282,-0.2277
 Firing Point: bank, 0.2918,0.1341,-0.2344, 1.0000,0.0064,-0.0020, 30, 0.2922,0.1289,0.0756 
 
 
 Impact Point: line, 0.1214,0.2122,0.7314, 0.1146,0.2190,-0.5333, -0.0063,0.9340,-0.3571,60
 Impact Point: line, 0.0043,0.1951,0.7267, 0.0011,0.1659,-0.8253, -0.0070,0.9747,-0.2235,60
 Impact Point: line, -0.1191,0.2069,0.7461, -0.1067,0.2196,-0.5276, -0.0072,0.9340,-0.3573,60
 
 Impact Point: line, 0.2396,0.1580,0.7488, 0.2398,0.1654,0.5325, 1.0000,0.0067,0.0004,60
 Impact Point: line, 0.2501,0.1457,0.1253, 0.1700,0.1415,-0.5301, 0.8526,0.3177,-0.4149,60
 Impact Point: line, 0.1765,0.0554,0.1944, 0.1256,0.0197,-0.7631, 0.9814,0.0056,-0.1920,60
 
 Impact Point: line, 0.1654,-0.0634,0.3750, 0.1284,-0.0739,-0.7312,  0.9658,0.2593,-0.0003,60
 Impact Point: line, 0.1545,-0.1986,0.2539, 0.0999,-0.1620,-0.6817,  0.5054,-0.8629,-0.0064,60
 Impact Point: line, 0.0655,-0.2340,-0.5157, 0.0629,-0.2388,0.2476,  -0.0,-1.0,-0.0, 60
 
 Impact Point: line, -0.0816,-0.2352,-0.4858, -0.0668,-0.2396,0.2458, -0.0,-1.0,-0.0, 60
 Impact Point: line, -0.1360,-0.1536,0.3703, -0.1817,-0.1682,-0.5232,  -0.8775,-0.4796,-0.0012 , 60
 Impact Point: line, -0.1645,-0.0610,0.3694, -0.1618,-0.0391,-0.6098,  -0.9691,0.2468,0.0035, 60
 Impact Point: line, -0.1793,0.0712,0.5098, -0.1303,0.0319,-0.7557,  -1.0000,0.0048,-0.0008, 60
 Impact Point: line, -0.2396,0.1565,0.7327, -0.2191,0.1501,0.4590,-1.0000,-0.0037,0.0013, 60
 
  Impact Point: line, 0.0711,0.1299,-0.8004, 0.1008,0.1699,-0.5631,  0.5953,0.7783,-0.1998, 60
  Impact Point: line, -0.1055,0.1677,-0.5654, -0.0740,0.1337,-0.7913, -0.6061,0.7705,-0.1975, 60
  
  
  
 ParticleSystem:
 //
  Engine:  //L: 8000 O: 3000
   Material: plasmathruster, plasmathruster_back
   Start:   0.0840,0.1297,0.5883
   End:     0.0840,0.1297,1.20
   Width: 0.09
   Color: 088
   
   Engine:  //L: 8000 O: 3000
   Material: plasmathruster, plasmathruster_back
   Start:   -0.0806,0.1310,0.5886
   End:     -0.0806,0.1310,1.20
   Width: 0.09
   Color: 088
  // 
    Engine:  //L: 8000 O: 3000
   Material: plasmathruster, plasmathruster_back
   Start:   0.0013,0.1052,0.4133
   End:     0.0013,0.1052,1.6133
   Width: 0.15
   Color: 088
   
 //  
   Engine:  //L: 8000 O: 3000
   Material: plasmathruster, plasmathruster_back
   Start:   0.0771,0.0410,0.4919
   End:    0.0771,0.0410,1.40
   Width: 0.12
   Color: 088
   
   Engine:  //L: 8000 O: 3000
   Material: plasmathruster, plasmathruster_back
   Start:   -0.0740,0.0397,0.4922
   End:     -0.0740,0.0397,1.40
   Width: 0.12
   Color: 088
   
  
  
 EndParticleSystem
 
//============================================
// hgn huge
//============================================
Model: hgn_Huge_lod2
 File: ../../../Models/hiigaran/hgn_huge/hgn_huge_lod2.obj
  Scale: 0.000500
 Material: hgn_Huge
 
Model: hgn_Huge_lod1
 File: ../../../Models/hiigaran/hgn_huge/hgn_huge_lod1.obj
 Scale: 0.000500
 Material: hgn_Huge
 LOD: hgn_Huge_lod2, 0.6

Model: hgn_Huge
 File: ../../../Models/hiigaran/hgn_Huge/hgn_Huge.obj
  Scale: 0.000500
 Material: hgn_Huge
 LOD: hgn_Huge_lod1, 0.3
 
 // Firing Points
Firing Point: bank, 0.0001,-0.1386,-0.1505, 0.0000,0.0000,-1.0000, 30, 0.0030,-0.4419,-0.1196, 0.0018,-0.5136,-0.1162, -0.0159,0.1155,-0.1292, 0.0004,0.4786,-0.1064, -0.0380,-0.1065,-0.0995, 0.0121,-0.0522,-0.1524, 0.0026,-0.7185,-0.1430, 
Firing Point: bank, 0.0607,-0.1421,0.0724, 1.1001,0.0000,0.0000, 30, 0.0732,0.2160,-0.0285, 0.0645,0.2075,0.0523, 0.0361,-0.6607,0.0105, 0.0792,-0.3601,-0.0424 
 Firing Point: bank, -0.0672,-0.1281,-0.0728, -1.0, -0.0, 0.0, 30, -0.0486,0.1332,0.0540, -0.0739,0.2104,-0.0041, -0.0595,-0.2059,-0.0599 
 Firing Point: bank, 0.0063,0.4673,0.0884, -0.0072,0.8578,0.5139, 20,  -0.0008,0.4740,0.0771, -0.0096,0.4666,0.0893
 Firing Point: bank, 0.0086,-0.7243,0.0486, -0.0013,-0.9435,0.3313, 20, -0.0056,-0.7245,0.0481,  0.0021,-0.7294,0.0343 
 

Impact Point: tri, -0.0339,0.4314,0.0740, -0.0624,0.0575,-0.0867, -0.0455,-0.0430,0.0832, 60
Impact Point: tri, -0.0482,-0.1350,0.0732, -0.0537,-0.2122,-0.1168, -0.0325,-0.6529,0.0308, 60
Impact Point: tri, 0.0452,0.1573,0.0629, 0.0518,0.1630,-0.0875, 0.0283,0.4499,0.0513, 60 
Impact Point: tri, 0.0614,-0.2293,0.0568,0.0348,-0.6530,0.0279, 0.0760,-0.1768,-0.1042, 60
Impact Point: line, -0.0072,-0.6437,-0.0602, 0.0001,-0.2546,-0.1437, 0.1384,-0.2309,-1.9631,  60
Impact Point: line, -0.0060,-0.2214,-0.1453, -0.0031,0.1183,-0.1327, 0.0000,0.0000,-1.0000 , 60
Impact Point: line, -0.0006,0.1087,-0.1343, -0.0005,0.4315,-0.0195, -0.0891,0.3043,-0.9484, 60
Impact Point: line, 0.0053,-0.6218,0.0615, -0.0004,0.3928,0.0973, 0,0,1, 60


 ParticleSystem:
  Engine:  //L: 4000 O: 1500
   Material: plasmathruster, plasmathruster_back
   Start:  0.0000, 0.3422, -0.3402
   End:    0.0000, 0.3422, 0.5902
   Width: 0.1
   Color: 088
   
 
  Engine:  //L: 4000 O: 1500
   Material: plasmathruster, plasmathruster_back
   Start:  0.0000, 0.3029, -0.3402
   End:    0.0000, 0.3029, 0.5902
   Width: 0.1
   Color: 088
   
  Engine:  //L: 4000 O: 1500
   Material: plasmathruster, plasmathruster_back
   Start:  0.0000, 0.2391 ,-0.3402
   End:    0.0000, 0.2391, 0.5902
   Width: 0.15
   Color: 088
   
  
  Engine:  //L: 4000 O: 1500
   Material: plasmathruster, plasmathruster_back
   Start:  0.0000, 0.1719, -0.3402
   End:    0.0000, 0.1719, 0.5902
   Width: 0.15
   Color: 088
   
  Engine:  //L: 4000 O: 1500
   Material: plasmathruster, plasmathruster_back
   Start:  0.0000, 0.106, -0.3402
   End:    0.0000, 0.106, 0.5902
   Width: 0.15
   Color: 088

 
  Engine:  //L: 4000 O: 1500
   Material: plasmathruster, plasmathruster_back
   Start:  0.0000, -0.3648, -0.3402
   End:    0.0000, -0.3648, 0.5902
   Width: 0.15
   Color: 088
     
  Engine:  //L: 4000 O: 1500
   Material: plasmathruster, plasmathruster_back
   Start:  0.0000, -0.4325, -0.3402
   End:    0.0000, -0.4325, 0.5902
   Width: 0.15
   Color: 088
    
  Engine:  //L: 4000 O: 1500
   Material: plasmathruster, plasmathruster_back
   Start:  0.0000, -0.5013, -0.3402
   End:    0.0000, -0.5013, 0.5902
   Width: 0.15
   Color: 088
 //// 
 
     
  Engine:  //L: 4000 O: 1500
   Material: plasmathruster, plasmathruster_back
   Start:  0.0000, -0.5673, -0.3402
   End:    0.0000, -0.5673, 0.5902
   Width: 0.15
   Color: 088
   
   
  Engine:  //L: 4000 O: 1500
   Material: plasmathruster, plasmathruster_back
   Start:  0.0000, -0.6045, -0.3402
   End:    0.0000, -0.6045, 0.5902
   Width: 0.1
   Color: 088
   
EndParticleSystem 
 
//============================================
// hiigaran huge
//============================================

Model: hiigaran_huge
 File: ../../../Models/hiigaran/hiigaran_huge/hiigaran_huge.obj
 Scale: 0.029
 Rotate: 0,270,0
 Material: hiigaran_huge

 //Firing Points
 
 //Spinal Mount (forward only)
 Firing Point: point, 0.0080,0.0000,-0.5200, 0.0000,0.0000,0000, 10
 
 //front
	//Firing Point: point, -0.0012,0.0265,-0.9080, -0.0000,-0.0000,-0.0000, 45
	//Firing Point: point, -0.0006,-0.0552,-0.8876, 0.0000,-0.0000,-0.0000, 45
 
 //left side
 Firing Point: line, 0.0133,0.0387,-0.7542, 0.0151,0.0379,-0.6814, 0.9721,0.2335,-0.0209, 60
 Firing Point: line, 0.0693,-0.0289,-0.3003, 0.0988,0.0343,0.0426, 0.9812,-0.1844,-0.0562, 60
 Firing Point: line, 0.0772,-0.0167,-0.1094, 0.0422,-0.0685,0.0659, 0.8469,-0.5318,-0.0002, 60
 Firing Point: bank, 0.0264,0.0148,-0.6701, 0.9101,0.4044,-0.0906, 60, 0.0300,0.0209,-0.6068, 0.0417,0.0095,-0.5400, 0.0469,0.0124,-0.4724, 0.0453,0.0234,-0.3695
 Firing Point: bank, 0.0367,-0.0421,-0.6541, 0.9951,0.0006,-0.0993, 60, 0.0411,-0.0494,-0.6072, 0.0482,-0.0509,-0.5251, 0.0570,-0.0477,-0.4507, 0.0453,-0.0775,-0.4417, 0.0612,-0.0555,-0.3499
 Firing Point: tri, 0.0468,-0.0611,0.0814, 0.0733,-0.0109,0.2499, 0.0234,-0.0983,0.1642, 60
 Firing Point: bank, 0.1143,-0.0520,0.4502, 1.0000,0.0000,0.0000, 60, 0.1143,0.0237,0.3335, 0.1143,-0.0191,0.4011, 0.1143,-0.0427,0.4367, 0.1143,-0.0657,0.4960, 0.1143,-0.0067,0.5370, 0.1143,-0.0995,0.6088
 Firing Point: point, 0.0059,0.0829,-0.6060, 0.8707,0.4895,-0.0483, 45
 Firing Point: point, 0.0106,0.1503,-0.2178, 0.8007,0.5841,-0.1327, 45
 Firing Point: point, 0.0131,-0.1077,-0.6377, 0.8107,-0.5685,-0.1400, 45
 Firing Point: point, 0.0156,-0.1146,-0.1868, 0.7347,-0.6783,0.0030, 45
 Firing Point: point, 0.0144,-0.1131,0.2529, 0.8872,-0.4615,0.0023, 45
 Firing Point: point, 0.0997,0.1723,0.4640, 0.7969,0.6042,0.0002, 45
 Firing Point: point, 0.0954,0.1654,0.7098, 0.7921,0.6037,0.0902, 45
 
 //right side
 Firing Point: line, -0.0137,0.0375,-0.7525, -0.0149,0.0388,-0.6809, -0.9721,0.2335,-0.0209, 60
 Firing Point: line, -0.0693,-0.0315,-0.2941, -0.1000,0.0374,0.0527, -0.9812,-0.1845,-0.0562, 60
 Firing Point: line, -0.0805,-0.0118,-0.1125, -0.0383,-0.0747,0.0744, -0.8469,-0.5318,-0.0002, 60
 Firing Point: bank, -0.0321,0.0084,-0.6416, -0.9101,0.4044,-0.0906, 60, -0.0295,0.0227,-0.6037, -0.0411,0.0093,-0.5467, -0.0443,0.0180,-0.4707, -0.0462,0.0219,-0.3662
 Firing Point: bank, -0.0380,-0.0427,-0.6412, -0.9951,0.0006,-0.0993, 60, -0.0409,-0.0505,-0.6029, -0.0498,-0.0425,-0.5225, -0.0585,-0.0445,-0.4392, -0.0454,-0.0773,-0.4395, -0.0547,-0.0679,-0.3526
 Firing Point: tri, -0.0438,-0.0658,0.0781, -0.0687,-0.0186,0.2471, -0.0233,-0.0985,0.1619, 60
 Firing Point: bank, -0.1143,-0.0559,0.4467, -1.0000,0.0000,0.0000, 60, -0.1143,0.0040,0.3639, -0.1143,-0.0276,0.4205, -0.1143,-0.0609,0.4949, -0.1143,-0.0033,0.5504, -0.1143,-0.0934,0.6124, -0.1143,-0.0678,0.4988
 Firing Point: point, -0.0064,0.0821,-0.6045, -0.8705,0.4897,-0.0484, 45
 Firing Point: point, -0.0131,-0.1090,-0.6321, -0.8109,-0.5682,-0.1400, 45
 Firing Point: point, -0.0107,0.1500,-0.2179, -0.8007,0.5841,-0.1327, 45
 Firing Point: point, -0.0176,-0.1124,-0.1802, -0.7347,-0.6783,0.0030, 45
 Firing Point: point, -0.0160,-0.1102,0.2521, -0.8872,-0.4613,0.0020, 45
 Firing Point: point, -0.0998,0.1722,0.4658, -0.7969,0.6041,0.0002, 45
 Firing Point: point, -0.0931,0.1677,0.7132, -0.7919,0.6039,0.0902, 45
 
 //back
 Firing Point: point, 0.0498,0.0204,0.9516, 0.0000,-0.0000,1.0000, 60
 Firing Point: point, -0.0486,0.0208,0.9516, 0.0000,-0.0000,1.0000, 60
 
 //top
 Firing Point: point, -0.0008,0.0864,-0.6053, -0.0000,0.0001,-0.0000, 60
 Firing Point: point, -0.0009,0.1568,-0.2170, 0.0000,0.0001,-0.0000, 60
 Firing Point: point, 0.0009,0.2086,0.7388, -0.0000,0.8387,0.5446, 60
 
 //bottom
 Firing Point: point, -0.0032,-0.1130,-0.6377, -0.0000,-0.9710,-0.2391, 60
 Firing Point: point, 0.0006,-0.1185,-0.1858, 0.0000,-1.0000,0.0045, 60
 Firing Point: point, 0.0015,-0.1174,0.2523, 0.0000,-1.0000,0.0041, 60
 
 //Impact Points
 
 //left side
 Impact Point: line, 0.0133,0.0387,-0.7542, 0.0151,0.0379,-0.6814, 0.9721,0.2335,-0.0209, 60
 Impact Point: line, 0.0693,-0.0289,-0.3003, 0.0988,0.0343,0.0426, 0.9812,-0.1844,-0.0562, 60
 Impact Point: line, 0.0772,-0.0167,-0.1094, 0.0422,-0.0685,0.0659, 0.8469,-0.5318,-0.0002, 60
 Impact Point: bank, 0.0264,0.0148,-0.6701, 0.9101,0.4044,-0.0906, 60, 0.0300,0.0209,-0.6068, 0.0417,0.0095,-0.5400, 0.0469,0.0124,-0.4724, 0.0453,0.0234,-0.3695
 Impact Point: bank, 0.0367,-0.0421,-0.6541, 0.9951,0.0006,-0.0993, 60, 0.0411,-0.0494,-0.6072, 0.0482,-0.0509,-0.5251, 0.0570,-0.0477,-0.4507, 0.0453,-0.0775,-0.4417, 0.0612,-0.0555,-0.3499
 Impact Point: tri, 0.0468,-0.0611,0.0814, 0.0733,-0.0109,0.2499, 0.0234,-0.0983,0.1642, 60
 Impact Point: bank, 0.1143,-0.0520,0.4502, 1.0000,0.0000,0.0000, 60, 0.1143,0.0237,0.3335, 0.1143,-0.0191,0.4011, 0.1143,-0.0427,0.4367, 0.1143,-0.0657,0.4960, 0.1143,-0.0067,0.5370, 0.1143,-0.0995,0.6088
 
 Impact Point: tri, 0.1240,0.0933,0.6875, 0.1240,-0.0241,0.6119, 0.1240,-0.0257,0.7598, 45
 Impact Point: tri, 0.0124,0.0412,-0.7712, 0.0693,-0.0222,-0.3131, 0.0266,-0.0438,-0.7550, 45
 Impact Point: tri, 0.0604,-0.0485,-0.2332, 0.1034,0.0388,0.2237, 0.0570,-0.0396,0.2321, 45
 Impact Point: tri, 0.0592,0.0129,-0.3285, 0.0162,0.1082,-0.3092, 0.1147,0.0656,0.2168, 45
 Impact Point: tri, 0.1143,0.1146,0.2961, 0.1143,-0.0162,0.4850, 0.1143,0.1123,0.5882, 45
 Impact Point: tri, 0.0834,0.1236,0.8333, 0.0580,0.0267,0.9412, 0.1115,-0.0547,0.8416, 45
 
 //right side
 Impact Point: line, -0.0137,0.0375,-0.7525, -0.0149,0.0388,-0.6809, -0.9721,0.2335,-0.0209, 60
 Impact Point: line, -0.0693,-0.0315,-0.2941, -0.1000,0.0374,0.0527, -0.9812,-0.1845,-0.0562, 60
 Impact Point: line, -0.0805,-0.0118,-0.1125, -0.0383,-0.0747,0.0744, -0.8469,-0.5318,-0.0002, 60
 Impact Point: bank, -0.0321,0.0084,-0.6416, -0.9101,0.4044,-0.0906, 60, -0.0295,0.0227,-0.6037, -0.0411,0.0093,-0.5467, -0.0443,0.0180,-0.4707, -0.0462,0.0219,-0.3662
 Impact Point: bank, -0.0380,-0.0427,-0.6412, -0.9951,0.0006,-0.0993, 60, -0.0409,-0.0505,-0.6029, -0.0498,-0.0425,-0.5225, -0.0585,-0.0445,-0.4392, -0.0454,-0.0773,-0.4395, -0.0547,-0.0679,-0.3526
 Impact Point: tri, -0.0438,-0.0658,0.0781, -0.0687,-0.0186,0.2471, -0.0233,-0.0985,0.1619, 60
 Impact Point: bank, -0.1143,-0.0559,0.4467, -1.0000,0.0000,0.0000, 60, -0.1143,0.0040,0.3639, -0.1143,-0.0276,0.4205, -0.1143,-0.0609,0.4949, -0.1143,-0.0033,0.5504, -0.1143,-0.0934,0.6124, -0.1143,-0.0678,0.4988
 
 Impact Point: tri, -0.1240,0.0883,0.6902, -0.1240,-0.0276,0.6175, -0.1240,-0.0190,0.7647, 45
 Impact Point: tri, -0.0138,0.0360,-0.7619, -0.0684,-0.0409,-0.3260, -0.0202,-0.0635,-0.7432, 45
 Impact Point: tri, -0.0634,-0.0433,-0.2200, -0.1020,0.0364,0.2251, -0.0559,-0.0408,0.2419, 45
 Impact Point: tri, -0.0627,0.0148,-0.2978, -0.0216,0.0938,-0.3095, -0.1147,0.0636,0.2240, 45
 Impact Point: tri, -0.1143,0.0754,0.2744, -0.1143,0.1259,0.5913, -0.1143,-0.0077,0.4869, 45
 Impact Point: tri, -0.0829,0.1245,0.8408, -0.0586,0.0273,0.9401, -0.1101,-0.0582,0.8462, 45

 //back
 Impact Point: line, 0.0005,0.0686,0.9464, 0.0005,-0.0244,0.9464, 0.0000,-0.0001,1.0000, 45
 
 
ParticleSystem:

    Engine:
     Material: plasmathruster, plasmathruster_back
	 Start:	-0.0080,0.0707,0.7500
	 End:	-0.0080,0.0707,1.3500
	 Width: 0.3
	 Color: f60

    Engine:
     Material: plasmathruster, plasmathruster_back
	 Start:	-0.0080,0.0373,0.7500
	 End:	-0.0080,0.0373,1.3500
	 Width: 0.35
	 Color: f60
	 
    Engine:
     Material: plasmathruster, plasmathruster_back
	 Start:	-0.0080,-0.0144,0.7500
	 End:	-0.0080,-0.0144,1.3500
	 Width: 0.3
	 Color: f60

 EndParticleSystem